# Teff(K) EWLim(mA) eEWLi(mA)
3000.5 569.7 62.5
3014.4 570.7 62.5
3028.3 571.8 62.5
3042.3 572.8 62.5
3056.3 573.7 62.5
3070.4 574.6 62.5
3084.6 575.4 62.5
3098.8 576.2 62.5
3113.1 577.0 62.5
3127.5 577.7 62.5
3142.0 578.3 62.5
3156.5 578.9 62.5
3171.0 579.5 62.5
3185.7 580.0 62.5
3200.4 580.5 62.5
3215.1 580.9 62.5
3230.0 581.2 62.5
3244.9 581.6 62.5
3259.9 581.8 62.5
3274.9 582.0 62.5
3290.0 582.2 62.5
3305.2 582.3 62.5
3320.5 582.4 62.5
3335.8 582.4 62.5
3351.2 582.4 62.5
3366.7 582.3 62.5
3382.2 582.3 62.5
3397.8 582.1 62.5
3413.5 582.0 62.5
3429.3 581.7 62.5
3445.1 581.5 62.5
3461.0 581.1 62.5
3477.0 580.7 62.5
3493.0 580.3 62.5
3509.1 579.8 62.5
3525.3 579.3 62.5
3541.6 578.8 62.5
3558.0 578.1 62.5
3574.4 577.5 62.5
3590.9 576.7 62.5
3607.4 576.0 62.5
3624.1 575.2 62.5
3640.8 574.3 62.5
3657.6 573.4 62.5
3674.5 572.4 62.5
3691.5 571.4 62.5
3708.5 570.4 62.5
3725.6 569.2 62.5
3742.8 568.1 62.5
3760.1 566.9 62.5
3777.5 565.6 62.5
3794.9 564.3 62.5
3812.4 562.9 62.5
3830.0 561.5 62.5
3847.7 560.0 62.5
3865.4 558.5 62.5
3883.3 556.9 62.5
3901.2 555.2 62.5
3919.2 553.5 62.5
3937.3 551.8 62.5
3955.5 550.0 62.5
3973.7 548.1 62.5
3992.1 546.2 62.5
4010.5 544.2 62.5
4029.0 542.1 62.5
4047.6 540.0 62.5
4066.3 537.9 62.5
4085.1 535.6 62.5
4103.9 533.3 62.5
4122.9 531.0 62.5
4141.9 528.5 62.5
4161.0 526.1 62.5
4180.2 523.5 62.5
4199.5 520.9 62.5
4218.9 518.2 62.5
4238.4 515.5 62.5
4257.9 512.7 62.5
4277.6 509.8 62.5
4297.3 506.9 62.5
4317.2 503.9 62.5
4337.1 500.8 62.5
4357.1 497.7 62.5
4377.2 494.5 62.6
4397.4 491.3 62.6
4417.7 488.0 62.6
4438.1 484.6 62.6
4458.6 481.2 62.6
4479.2 477.7 62.6
4499.9 474.1 62.6
4520.6 470.5 62.6
4541.5 466.8 62.6
4562.5 463.1 62.6
4583.5 459.3 62.6
4604.7 455.5 62.6
4625.9 451.6 62.6
4647.3 447.7 62.6
4668.7 443.7 62.6
4690.3 439.7 62.6
4711.9 435.6 62.6
4733.7 431.4 62.6
4755.5 427.2 62.6
4777.5 423.0 62.6
4799.5 418.7 62.6
4821.7 414.4 62.6
4844.0 410.0 62.6
4866.3 405.6 62.6
4888.8 401.2 62.6
4911.3 396.7 62.6
4934.0 392.2 62.6
4956.8 387.6 62.6
4979.7 383.0 62.6
5002.6 378.3 62.6
5025.7 373.7 62.6
5048.9 369.0 62.6
5072.2 364.2 62.6
5095.7 359.4 62.6
5119.2 354.6 62.6
5142.8 349.8 62.6
5166.5 344.9 62.6
5190.4 340.0 62.6
5214.3 335.1 62.6
5238.4 330.1 62.6
5262.6 325.2 62.6
5286.9 320.2 62.6
5311.3 315.1 62.6
5335.8 310.1 62.6
5360.4 305.0 62.6
5385.2 299.9 62.6
5410.0 294.8 62.6
5435.0 289.6 62.6
5460.1 284.4 62.6
5485.3 279.2 62.6
5510.6 274.0 62.6
5536.0 268.8 62.6
5561.6 263.6 62.6
5587.3 258.3 62.6
5613.1 253.0 62.6
5639.0 247.7 62.6
5665.0 242.4 62.6
5691.1 237.0 62.6
5717.4 231.7 62.6
5743.8 226.3 62.6
5770.3 220.9 62.6
5797.0 215.5 62.6
5823.7 210.0 62.6
5850.6 204.6 62.6
5877.6 199.1 62.6
5904.7 193.7 62.6
5932.0 188.2 62.5
5959.4 182.7 62.5
5986.9 177.1 62.5
6014.5 171.6 62.5
6042.3 166.1 62.5
6070.2 160.5 62.5
6098.2 154.9 62.5
6126.3 149.3 62.5
6154.6 143.7 62.5
6183.0 138.1 62.5
6211.6 132.5 62.5
6240.2 126.8 62.5
6269.0 121.2 62.5
6298.0 115.5 62.5
6327.0 109.8 62.5
6356.2 104.1 62.5
6385.6 98.4 62.5
6415.0 92.7 62.5
6444.7 86.9 62.5
6474.4 81.2 62.5
