# Teff(K) EWLim(mA) eEWLi(mA)
3000.5 475.6 90.1
3014.4 466.7 97.5
3028.3 456.2 106.0
3042.3 444.0 115.5
3056.3 429.6 125.9
3070.4 413.1 137.1
3084.6 394.2 148.7
3098.8 372.8 160.0
3113.1 349.0 170.4
3127.5 322.9 179.0
3142.0 295.0 184.9
3156.5 265.7 187.3
3171.0 235.8 185.6
3185.7 206.1 179.7
3200.4 177.4 170.0
3215.1 150.4 157.1
3230.0 125.8 142.3
3244.9 103.9 126.7
3259.9 84.9 111.4
3274.9 68.8 97.4
3290.0 55.4 85.2
3305.2 44.4 75.1
3320.5 35.5 67.1
3335.8 28.4 61.2
3351.2 28.3 61.1
3366.7 32.7 64.6
3382.2 37.8 69.0
3397.8 43.8 74.2
3413.5 50.7 80.3
3429.3 58.7 87.3
3445.1 67.9 95.1
3461.0 78.2 103.5
3477.0 89.8 112.3
3493.0 102.5 121.2
3509.1 116.4 130.0
3525.3 131.3 138.3
3541.6 147.2 145.8
3558.0 163.7 152.1
3574.4 180.8 157.2
3590.9 198.1 160.8
3607.4 215.4 162.9
3624.1 232.6 163.5
3640.8 249.4 162.6
3657.6 265.6 160.6
3674.5 281.1 157.4
3691.5 295.7 153.4
3708.5 309.5 148.7
3725.6 322.3 143.6
3742.8 334.1 138.3
3760.1 344.9 132.8
3777.5 354.8 127.3
3794.9 363.8 121.9
3812.4 371.9 116.6
3830.0 379.1 111.7
3847.7 385.6 106.9
3865.4 391.4 102.5
3883.3 396.4 98.3
3901.2 400.9 94.4
3919.2 404.8 90.9
3937.3 408.2 87.6
3955.5 411.0 84.5
3973.7 413.5 81.7
3992.1 415.5 79.1
4010.5 417.1 76.8
4029.0 418.4 74.6
4047.6 419.3 72.6
4066.3 420.0 70.8
4085.1 420.4 69.2
4103.9 420.5 67.7
4122.9 420.4 66.3
4141.9 420.1 65.0
4161.0 419.6 63.8
4180.2 418.9 62.7
4199.5 418.0 61.7
4218.9 417.0 61.0
4238.4 415.8 60.1
4257.9 414.4 59.3
4277.6 412.9 58.6
4297.3 411.4 57.9
4317.2 409.6 57.3
4337.1 407.8 56.7
4357.1 405.9 56.2
4377.2 403.8 55.7
4397.4 401.7 55.2
4417.7 399.5 54.8
4438.1 397.2 54.4
4458.6 394.8 54.0
4479.2 392.3 53.7
4499.9 389.8 53.3
4520.6 387.2 53.0
4541.5 384.5 52.7
4562.5 381.8 52.5
4583.5 379.0 52.2
4604.7 376.1 51.9
4625.9 373.2 51.7
4647.3 370.2 51.5
4668.7 367.2 51.3
4690.3 364.1 51.1
4711.9 361.0 50.9
4733.7 357.8 50.8
4755.5 354.6 50.6
4777.5 351.4 50.4
4799.5 348.1 50.3
4821.7 344.7 50.2
4844.0 341.3 50.0
4866.3 337.9 49.9
4888.8 334.4 49.8
4911.3 330.9 49.7
4934.0 327.4 49.6
4956.8 323.8 49.5
4979.7 320.2 49.4
5002.6 316.6 49.3
5025.7 312.9 49.2
5048.9 309.2 49.1
5072.2 305.4 49.0
5095.7 301.7 48.9
5119.2 297.9 48.9
5142.8 294.0 48.8
5166.5 290.2 48.7
5190.4 286.3 48.7
5214.3 282.4 48.6
5238.4 278.4 48.5
5262.6 274.5 48.5
5286.9 270.5 48.4
5311.3 266.4 48.4
5335.8 262.4 48.3
5360.4 258.3 48.3
5385.2 254.2 48.3
5410.0 250.1 48.2
5435.0 245.9 48.2
5460.1 241.7 48.1
5485.3 237.5 48.1
5510.6 233.3 48.1
5536.0 229.0 48.0
5561.6 224.8 48.0
5587.3 220.5 48.0
5613.1 216.1 48.0
5639.0 211.8 47.9
5665.0 207.4 47.9
5691.1 203.0 47.9
5717.4 198.6 47.9
5743.8 194.2 47.8
5770.3 189.7 47.8
5797.0 185.2 47.8
5823.7 180.7 47.8
5850.6 176.2 47.8
5877.6 171.7 47.7
5904.7 167.1 47.7
5932.0 162.5 47.7
5959.4 157.9 47.7
5986.9 153.2 47.7
6014.5 148.6 47.7
6042.3 143.9 47.7
6070.2 139.2 47.7
6098.2 134.5 47.6
6126.3 129.8 47.6
6154.6 125.0 47.6
6183.0 120.2 47.6
6211.6 115.4 47.6
6240.2 110.6 47.6
6269.0 105.8 47.6
6298.0 100.9 47.6
6327.0 96.0 47.6
6356.2 91.1 47.6
6385.6 86.2 47.6
6415.0 81.2 47.6
6444.7 76.3 47.6
6474.4 71.3 47.6
