# Teff(K) EWLim(mA) eEWLi(mA)
3000.5 0.0 28.1
3014.4 0.0 28.1
3028.3 0.0 28.1
3042.3 0.0 28.1
3056.3 0.0 28.1
3070.4 0.0 28.1
3084.6 0.0 28.1
3098.8 0.0 28.1
3113.1 0.0 28.1
3127.5 0.0 28.1
3142.0 0.0 28.1
3156.5 0.0 28.1
3171.0 0.0 28.1
3185.7 0.0 28.1
3200.4 0.0 28.1
3215.1 0.0 28.1
3230.0 0.0 28.1
3244.9 0.0 28.1
3259.9 0.0 28.1
3274.9 0.0 28.1
3290.0 0.0 28.1
3305.2 0.0 28.1
3320.5 0.0 28.1
3335.8 0.0 28.1
3351.2 0.0 28.1
3366.7 0.0 28.1
3382.2 0.0 28.1
3397.8 0.0 28.1
3413.5 0.0 28.1
3429.3 0.0 28.1
3445.1 0.0 28.1
3461.0 0.0 28.1
3477.0 0.0 28.1
3493.0 0.0 28.1
3509.1 0.0 28.1
3525.3 0.0 28.1
3541.6 0.0 28.1
3558.0 0.0 28.1
3574.4 0.0 28.1
3590.9 0.0 28.1
3607.4 0.0 28.1
3624.1 0.0 28.1
3640.8 0.0 28.1
3657.6 0.0 28.1
3674.5 0.0 28.1
3691.5 0.0 28.1
3708.5 0.0 28.1
3725.6 0.0 28.1
3742.8 0.0 28.1
3760.1 0.0 28.1
3777.5 0.0 28.1
3794.9 0.0 28.1
3812.4 0.0 28.1
3830.0 0.0 28.1
3847.7 0.0 28.1
3865.4 0.0 28.1
3883.3 0.0 28.1
3901.2 0.0 28.1
3919.2 0.0 28.1
3937.3 0.1 28.1
3955.5 0.1 28.1
3973.7 0.1 28.1
3992.1 0.1 28.1
4010.5 0.2 28.1
4029.0 0.3 28.1
4047.6 0.3 28.1
4066.3 0.4 28.1
4085.1 0.6 28.1
4103.9 0.7 28.1
4122.9 0.9 28.1
4141.9 1.1 28.1
4161.0 1.4 28.1
4180.2 1.7 28.1
4199.5 2.1 28.1
4218.9 2.5 28.1
4238.4 3.0 28.2
4257.9 3.6 28.2
4277.6 4.2 28.2
4297.3 4.9 28.2
4317.2 5.8 28.2
4337.1 6.7 28.3
4357.1 7.7 28.3
4377.2 8.8 28.4
4397.4 10.0 28.4
4417.7 11.3 28.5
4438.1 12.7 28.5
4458.6 14.3 28.6
4479.2 15.9 28.7
4499.9 17.6 28.8
4520.6 19.4 28.9
4541.5 21.4 29.0
4562.5 23.4 29.1
4583.5 25.5 29.2
4604.7 27.7 29.4
4625.9 29.9 29.5
4647.3 32.2 29.6
4668.7 34.6 29.7
4690.3 37.1 29.9
4711.9 39.5 30.0
4733.7 42.0 30.1
4755.5 44.6 30.2
4777.5 47.1 30.4
4799.5 49.7 30.5
4821.7 52.2 30.6
4844.0 54.7 30.6
4866.3 57.3 30.7
4888.8 59.7 30.8
4911.3 62.2 30.9
4934.0 64.6 30.9
4956.8 67.0 30.9
4979.7 69.3 31.0
5002.6 71.5 31.0
5025.7 73.7 31.0
5048.9 75.7 31.0
5072.2 77.8 31.0
5095.7 79.7 31.0
5119.2 81.5 30.9
5142.8 83.3 30.9
5166.5 84.9 30.8
5190.4 86.5 30.8
5214.3 87.9 30.1
5238.4 89.3 30.0
5262.6 90.5 30.0
5286.9 91.6 29.9
5311.3 92.7 29.9
5335.8 93.6 29.8
5360.4 94.4 29.8
5385.2 95.1 29.7
5410.0 95.7 29.6
5435.0 96.2 29.6
5460.1 96.6 29.5
5485.3 96.9 29.5
5510.6 97.0 29.4
5536.0 97.1 29.3
5561.6 97.0 29.3
5587.3 96.9 29.2
5613.1 96.6 29.2
5639.0 96.3 29.1
5665.0 95.8 29.1
5691.1 95.3 29.0
5717.4 94.6 29.0
5743.8 93.8 28.9
5770.3 93.0 28.9
5797.0 92.1 28.8
5823.7 91.0 28.8
5850.6 89.9 28.7
5877.6 88.7 28.7
5904.7 87.4 28.6
5932.0 86.0 28.6
5959.4 84.5 28.6
5986.9 82.9 28.5
6014.5 81.3 28.5
6042.3 79.5 28.5
6070.2 77.7 28.4
6098.2 75.8 28.4
6126.3 73.9 28.4
6154.6 71.8 28.4
6183.0 69.7 28.3
6211.6 67.5 28.3
6240.2 65.3 28.3
6269.0 62.9 28.3
6298.0 60.5 28.3
6327.0 58.1 28.2
6356.2 55.5 28.2
6385.6 52.9 28.2
6415.0 50.3 28.2
6444.7 47.5 28.2
6474.4 44.7 28.2
