# Teff(K) EWLim(mA) eEWLi(mA)
3000.5 546.5 54.8
3014.4 545.8 55.7
3028.3 544.7 56.9
3042.3 543.1 58.4
3056.3 540.9 60.4
3070.4 538.1 63.0
3084.6 534.6 66.2
3098.8 530.1 70.4
3113.1 524.5 75.7
3127.5 517.6 82.4
3142.0 509.2 90.6
3156.5 498.8 100.5
3171.0 486.4 112.2
3185.7 471.4 125.7
3200.4 453.7 140.6
3215.1 432.9 156.5
3230.0 409.1 172.4
3244.9 382.2 187.2
3259.9 352.6 199.5
3274.9 320.8 207.9
3290.0 287.8 211.3
3305.2 254.4 209.1
3320.5 221.8 201.6
3335.8 190.8 189.4
3351.2 190.2 189.1
3366.7 209.5 197.1
3382.2 229.6 203.2
3397.8 250.3 207.1
3413.5 271.1 208.7
3429.3 291.9 207.9
3445.1 312.2 204.8
3461.0 331.8 199.7
3477.0 350.5 192.9
3493.0 368.0 184.9
3509.1 384.2 176.0
3525.3 399.1 166.6
3541.6 412.7 157.0
3558.0 424.8 147.6
3574.4 435.7 138.6
3590.9 445.4 130.1
3607.4 453.9 122.1
3624.1 461.3 114.8
3640.8 467.8 108.2
3657.6 473.4 102.2
3674.5 478.2 96.8
3691.5 482.2 92.0
3708.5 485.7 87.8
3725.6 488.5 84.0
3742.8 490.9 80.7
3760.1 492.7 77.8
3777.5 494.2 75.2
3794.9 495.3 72.9
3812.4 496.0 70.9
3830.0 496.4 69.1
3847.7 496.6 67.6
3865.4 496.5 66.2
3883.3 496.1 65.0
3901.2 495.6 63.9
3919.2 494.8 62.9
3937.3 493.9 62.0
3955.5 492.8 61.2
3973.7 491.5 60.5
3992.1 490.1 59.9
4010.5 488.6 59.3
4029.0 486.9 58.8
4047.6 485.2 58.3
4066.3 483.3 57.8
4085.1 481.3 57.4
4103.9 479.2 57.1
4122.9 477.0 56.7
4141.9 474.7 56.4
4161.0 472.4 56.1
4180.2 469.9 55.9
4199.5 467.4 55.6
4218.9 464.8 55.4
4238.4 462.1 55.1
4257.9 459.4 54.9
4277.6 456.6 54.7
4297.3 453.7 54.6
4317.2 450.8 54.4
4337.1 447.9 54.2
4357.1 444.8 54.1
4377.2 441.7 53.9
4397.4 438.6 53.8
4417.7 435.4 53.6
4438.1 432.2 53.5
4458.6 428.9 53.4
4479.2 425.6 53.3
4499.9 422.2 53.1
4520.6 418.8 53.0
4541.5 415.3 52.9
4562.5 411.9 52.8
4583.5 408.3 52.7
4604.7 404.8 52.6
4625.9 401.2 52.5
4647.3 397.5 52.5
4668.7 393.8 52.4
4690.3 390.1 52.3
4711.9 386.4 52.2
4733.7 382.6 52.1
4755.5 378.8 52.1
4777.5 375.0 52.0
4799.5 371.1 51.9
4821.7 367.2 51.9
4844.0 363.3 51.8
4866.3 359.4 51.7
4888.8 355.4 51.7
4911.3 351.4 51.6
4934.0 347.4 51.6
4956.8 343.3 51.5
4979.7 339.3 51.5
5002.6 335.2 51.4
5025.7 331.0 51.4
5048.9 326.9 51.3
5072.2 322.7 51.3
5095.7 318.5 51.2
5119.2 314.3 51.2
5142.8 310.1 51.2
5166.5 305.8 51.1
5190.4 301.5 51.1
5214.3 297.2 51.0
5238.4 292.9 51.0
5262.6 288.6 51.0
5286.9 284.2 50.9
5311.3 279.8 50.9
5335.8 275.4 50.9
5360.4 271.0 50.9
5385.2 266.5 50.8
5410.0 262.1 50.8
5435.0 257.6 50.8
5460.1 253.1 50.8
5485.3 248.6 50.7
5510.6 244.0 50.7
5536.0 239.5 50.7
5561.6 234.9 50.7
5587.3 230.3 50.6
5613.1 225.7 50.6
5639.0 221.0 50.6
5665.0 216.4 50.6
5691.1 211.7 50.6
5717.4 207.0 50.6
5743.8 202.3 50.5
5770.3 197.6 50.5
5797.0 192.8 50.5
5823.7 188.1 50.5
5850.6 183.3 50.5
5877.6 178.5 50.5
5904.7 173.7 50.5
5932.0 168.8 50.4
5959.4 164.0 50.4
5986.9 159.1 50.4
6014.5 154.2 50.4
6042.3 149.3 50.4
6070.2 144.4 50.4
6098.2 139.4 50.4
6126.3 134.5 50.4
6154.6 129.5 50.4
6183.0 124.5 50.4
6211.6 119.5 50.4
6240.2 114.5 50.4
6269.0 109.4 50.4
6298.0 104.4 50.3
6327.0 99.3 50.3
6356.2 94.2 50.3
6385.6 89.1 50.3
6415.0 83.9 50.3
6444.7 78.8 50.3
6474.4 73.6 50.3
