# Teff(K) EWLim(mA) eEWLi(mA)
3000.5 567.0 54.6
3014.4 568.0 54.6
3028.3 569.0 54.6
3042.3 569.8 54.6
3056.3 570.6 54.6
3070.4 571.4 54.6
3084.6 572.0 54.6
3098.8 572.5 54.7
3113.1 573.0 54.7
3127.5 573.3 54.8
3142.0 573.4 54.8
3156.5 573.4 54.9
3171.0 573.3 55.1
3185.7 572.8 55.3
3200.4 572.2 55.6
3215.1 571.2 56.0
3230.0 569.8 56.6
3244.9 567.8 57.6
3259.9 565.3 58.9
3274.9 562.0 60.9
3290.0 557.7 63.8
3305.2 552.2 68.0
3320.5 545.2 73.7
3335.8 536.4 81.4
3351.2 536.2 81.6
3366.7 541.8 76.5
3382.2 546.6 72.3
3397.8 550.6 68.9
3413.5 554.0 66.1
3429.3 556.7 63.9
3445.1 559.0 62.1
3461.0 560.8 60.7
3477.0 562.2 59.6
3493.0 563.3 58.7
3509.1 564.1 58.1
3525.3 564.7 57.5
3541.6 565.0 57.1
3558.0 565.1 56.7
3574.4 565.1 56.4
3590.9 564.9 56.2
3607.4 564.5 56.0
3624.1 564.1 55.9
3640.8 563.5 55.8
3657.6 562.7 55.7
3674.5 561.9 55.6
3691.5 561.0 55.5
3708.5 559.9 55.5
3725.6 558.8 55.4
3742.8 557.6 55.4
3760.1 556.3 55.4
3777.5 554.9 55.3
3794.9 553.5 55.3
3812.4 551.9 55.3
3830.0 550.3 55.3
3847.7 548.6 55.3
3865.4 546.8 55.3
3883.3 545.0 55.3
3901.2 543.0 55.3
3919.2 541.0 55.3
3937.3 539.0 55.3
3955.5 536.8 55.3
3973.7 534.6 55.3
3992.1 532.3 55.3
4010.5 530.0 55.3
4029.0 527.5 55.3
4047.6 525.0 55.3
4066.3 522.5 55.3
4085.1 519.9 55.3
4103.9 517.2 55.3
4122.9 514.4 55.3
4141.9 511.6 55.3
4161.0 508.7 55.3
4180.2 505.8 55.3
4199.5 502.8 55.4
4218.9 499.8 55.4
4238.4 496.6 55.4
4257.9 493.5 55.4
4277.6 490.3 55.4
4297.3 487.0 55.4
4317.2 483.7 55.4
4337.1 480.3 55.4
4357.1 476.8 55.4
4377.2 473.4 55.4
4397.4 469.8 55.4
4417.7 466.3 55.4
4438.1 462.6 55.4
4458.6 459.0 55.4
4479.2 455.3 55.4
4499.9 451.5 55.3
4520.6 447.7 55.3
4541.5 443.9 55.3
4562.5 440.0 55.3
4583.5 436.1 55.3
4604.7 432.2 55.3
4625.9 428.2 55.3
4647.3 424.2 55.3
4668.7 420.1 55.3
4690.3 416.0 55.3
4711.9 411.9 55.2
4733.7 407.8 55.2
4755.5 403.6 55.2
4777.5 399.4 55.2
4799.5 395.1 55.2
4821.7 390.8 55.2
4844.0 386.5 55.2
4866.3 382.2 55.1
4888.8 377.9 55.1
4911.3 373.5 55.1
4934.0 369.1 55.1
4956.8 364.6 55.1
4979.7 360.2 55.1
5002.6 355.7 55.1
5025.7 351.2 55.0
5048.9 346.7 55.0
5072.2 342.2 55.0
5095.7 337.6 55.0
5119.2 333.0 55.0
5142.8 328.4 55.0
5166.5 323.8 54.9
5190.4 319.1 54.9
5214.3 314.5 54.9
5238.4 309.8 54.9
5262.6 305.1 54.9
5286.9 300.3 54.9
5311.3 295.6 54.9
5335.8 290.8 54.8
5360.4 286.1 54.8
5385.2 281.3 54.8
5410.0 276.5 54.8
5435.0 271.6 54.8
5460.1 266.8 54.8
5485.3 261.9 54.8
5510.6 257.0 54.7
5536.0 252.1 54.7
5561.6 247.2 54.7
5587.3 242.3 54.7
5613.1 237.4 54.7
5639.0 232.4 54.7
5665.0 227.4 54.7
5691.1 222.4 54.7
5717.4 217.4 54.7
5743.8 212.4 54.6
5770.3 207.4 54.6
5797.0 202.3 54.6
5823.7 197.3 54.6
5850.6 192.2 54.6
5877.6 187.1 54.6
5904.7 182.0 54.6
5932.0 176.9 54.6
5959.4 171.7 54.6
5986.9 166.6 54.6
6014.5 161.4 54.6
6042.3 156.2 54.6
6070.2 151.0 54.6
6098.2 145.8 54.6
6126.3 140.6 54.5
6154.6 135.3 54.5
6183.0 130.1 54.5
6211.6 124.8 54.5
6240.2 119.5 54.5
6269.0 114.2 54.5
6298.0 108.9 54.5
6327.0 103.5 54.5
6356.2 98.2 54.5
6385.6 92.8 54.5
6415.0 87.4 54.5
6444.7 82.0 54.5
6474.4 76.6 54.5
