# Teff(K) EWLim(mA) eEWLi(mA)
3000.5 208.2 136.0
3014.4 185.7 132.8
3028.3 163.4 127.6
3042.3 141.8 120.7
3056.3 121.3 112.3
3070.4 102.3 103.0
3084.6 85.1 93.2
3098.8 69.8 83.7
3113.1 56.6 74.8
3127.5 45.3 67.0
3142.0 35.9 60.5
3156.5 28.2 55.4
3171.0 21.9 51.6
3185.7 16.9 48.9
3200.4 13.0 47.0
3215.1 10.0 45.8
3230.0 7.6 45.1
3244.9 5.8 44.6
3259.9 4.5 44.3
3274.9 3.4 44.2
3290.0 2.6 44.1
3305.2 2.0 44.0
3320.5 1.6 44.0
3335.8 1.2 43.9
3351.2 1.2 43.9
3366.7 1.5 44.0
3382.2 1.7 44.0
3397.8 2.0 44.0
3413.5 2.5 44.0
3429.3 3.0 44.1
3445.1 3.6 44.2
3461.0 4.4 44.3
3477.0 5.3 44.5
3493.0 6.5 44.7
3509.1 7.9 45.1
3525.3 9.7 45.6
3541.6 11.8 46.2
3558.0 14.3 47.1
3574.4 17.3 48.4
3590.9 20.9 49.9
3607.4 25.1 51.9
3624.1 29.9 54.3
3640.8 35.4 57.2
3657.6 41.7 60.5
3674.5 48.8 64.2
3691.5 56.6 68.1
3708.5 65.2 72.3
3725.6 74.5 76.5
3742.8 84.4 80.7
3760.1 94.9 84.7
3777.5 105.9 88.4
3794.9 117.3 91.7
3812.4 128.9 94.6
3830.0 140.7 96.9
3847.7 152.6 98.7
3865.4 164.4 99.9
3883.3 176.0 100.5
3901.2 187.4 100.7
3919.2 198.4 100.4
3937.3 209.1 99.7
3955.5 219.3 98.6
3973.7 229.0 97.2
3992.1 238.2 95.6
4010.5 246.9 93.8
4029.0 255.1 91.9
4047.6 262.7 89.8
4066.3 269.8 87.7
4085.1 276.3 85.6
4103.9 282.4 83.5
4122.9 287.9 81.4
4141.9 293.0 79.4
4161.0 297.6 77.4
4180.2 301.8 75.5
4199.5 305.6 73.6
4218.9 308.9 76.0
4238.4 311.9 74.2
4257.9 314.6 72.4
4277.6 316.9 70.6
4297.3 318.9 69.0
4317.2 320.6 67.5
4337.1 322.0 66.1
4357.1 323.2 64.7
4377.2 324.1 63.4
4397.4 324.8 62.2
4417.7 325.2 61.1
4438.1 325.5 60.1
4458.6 325.5 59.1
4479.2 325.4 58.1
4499.9 325.0 57.3
4520.6 324.6 56.5
4541.5 323.9 55.7
4562.5 323.1 55.0
4583.5 322.2 54.3
4604.7 321.1 53.7
4625.9 319.9 53.1
4647.3 318.6 52.6
4668.7 317.1 52.0
4690.3 315.6 51.6
4711.9 313.9 51.1
4733.7 312.1 50.7
4755.5 310.3 50.3
4777.5 308.3 49.9
4799.5 306.3 49.6
4821.7 304.2 49.2
4844.0 302.0 48.9
4866.3 299.7 48.6
4888.8 297.3 48.3
4911.3 294.9 48.1
4934.0 292.4 47.8
4956.8 289.8 47.6
4979.7 287.2 47.4
5002.6 284.5 47.2
5025.7 281.7 47.0
5048.9 278.9 46.8
5072.2 276.0 46.7
5095.7 273.1 46.5
5119.2 270.1 46.3
5142.8 267.1 46.2
5166.5 264.0 46.1
5190.4 260.8 45.9
5214.3 257.7 45.5
5238.4 254.4 45.4
5262.6 251.1 45.3
5286.9 247.8 45.3
5311.3 244.5 45.2
5335.8 241.1 45.1
5360.4 237.6 45.0
5385.2 234.1 45.0
5410.0 230.6 44.9
5435.0 227.0 44.8
5460.1 223.4 44.8
5485.3 219.8 44.7
5510.6 216.1 44.7
5536.0 212.4 44.6
5561.6 208.6 44.6
5587.3 204.8 44.5
5613.1 201.0 44.5
5639.0 197.2 44.5
5665.0 193.3 44.4
5691.1 189.4 44.4
5717.4 185.4 44.3
5743.8 181.4 44.3
5770.3 177.4 44.3
5797.0 173.4 44.3
5823.7 169.3 44.2
5850.6 165.2 44.2
5877.6 161.0 44.2
5904.7 156.9 44.2
5932.0 152.7 44.1
5959.4 148.5 44.1
5986.9 144.2 44.1
6014.5 139.9 44.1
6042.3 135.6 44.1
6070.2 131.3 44.1
6098.2 126.9 44.0
6126.3 122.5 44.0
6154.6 118.1 44.0
6183.0 113.7 44.0
6211.6 109.2 44.0
6240.2 104.7 44.0
6269.0 100.2 44.0
6298.0 95.6 44.0
6327.0 91.0 44.0
6356.2 86.4 44.0
6385.6 81.8 44.0
6415.0 77.2 43.9
6444.7 72.5 43.9
6474.4 67.8 43.9
