# Teff(K) EWLim(mA) eEWLi(mA)
3000.5 0.0 16.6
3014.4 0.0 16.6
3028.3 0.0 16.6
3042.3 0.0 16.6
3056.3 0.0 16.6
3070.4 0.0 16.6
3084.6 0.0 16.6
3098.8 0.0 16.6
3113.1 0.0 16.6
3127.5 0.0 16.6
3142.0 0.0 16.6
3156.5 0.0 16.6
3171.0 0.0 16.6
3185.7 0.0 16.6
3200.4 0.0 16.6
3215.1 0.0 16.6
3230.0 0.0 16.6
3244.9 0.0 16.6
3259.9 0.0 16.6
3274.9 0.0 16.6
3290.0 0.0 16.6
3305.2 0.0 16.6
3320.5 -0.0 16.6
3335.8 0.0 16.6
3351.2 0.0 16.6
3366.7 0.0 16.6
3382.2 0.0 16.6
3397.8 0.0 16.6
3413.5 0.0 16.6
3429.3 0.0 16.6
3445.1 0.0 16.6
3461.0 0.0 16.6
3477.0 0.0 16.6
3493.0 0.0 16.6
3509.1 0.0 16.6
3525.3 0.0 16.6
3541.6 0.0 16.6
3558.0 0.0 16.6
3574.4 0.0 16.6
3590.9 0.0 16.6
3607.4 0.0 16.6
3624.1 0.0 16.6
3640.8 0.0 16.6
3657.6 0.0 16.6
3674.5 0.0 16.6
3691.5 0.0 16.6
3708.5 0.0 16.6
3725.6 0.0 16.6
3742.8 0.0 16.6
3760.1 0.0 16.6
3777.5 0.0 16.6
3794.9 0.0 16.6
3812.4 0.0 16.6
3830.0 0.0 16.6
3847.7 0.0 16.6
3865.4 0.0 16.6
3883.3 0.0 16.6
3901.2 0.0 16.6
3919.2 0.0 16.6
3937.3 0.0 16.6
3955.5 0.0 16.6
3973.7 0.0 16.6
3992.1 0.0 16.6
4010.5 0.0 16.6
4029.0 0.0 16.6
4047.6 0.0 16.6
4066.3 0.0 16.6
4085.1 0.0 16.6
4103.9 0.0 16.6
4122.9 0.0 16.6
4141.9 0.0 16.6
4161.0 0.0 16.6
4180.2 0.0 16.6
4199.5 0.0 16.6
4218.9 0.0 16.6
4238.4 0.0 16.6
4257.9 0.0 16.6
4277.6 0.0 16.6
4297.3 0.0 16.6
4317.2 0.0 16.6
4337.1 0.0 16.6
4357.1 0.0 16.6
4377.2 0.0 16.6
4397.4 0.0 16.6
4417.7 0.1 16.6
4438.1 0.1 16.6
4458.6 0.1 16.6
4479.2 0.1 16.6
4499.9 0.1 16.6
4520.6 0.2 16.6
4541.5 0.2 16.6
4562.5 0.3 16.6
4583.5 0.3 16.6
4604.7 0.4 16.6
4625.9 0.5 16.6
4647.3 0.6 16.6
4668.7 0.7 16.6
4690.3 0.8 16.6
4711.9 0.9 16.6
4733.7 1.1 16.6
4755.5 1.2 16.6
4777.5 1.4 16.6
4799.5 1.6 16.6
4821.7 1.8 16.6
4844.0 2.1 16.6
4866.3 2.4 16.6
4888.8 2.6 16.6
4911.3 3.0 16.6
4934.0 3.3 16.6
4956.8 3.7 16.6
4979.7 4.1 16.6
5002.6 4.5 16.6
5025.7 5.0 16.6
5048.9 5.4 16.6
5072.2 5.9 16.7
5095.7 6.5 16.7
5119.2 7.0 16.7
5142.8 7.6 16.7
5166.5 8.2 16.7
5190.4 8.8 16.7
5214.3 9.4 16.7
5238.4 10.1 16.7
5262.6 10.7 16.7
5286.9 11.4 16.7
5311.3 12.1 16.7
5335.8 12.8 16.7
5360.4 13.6 16.7
5385.2 14.3 16.7
5410.0 15.0 16.7
5435.0 15.7 16.7
5460.1 16.5 16.8
5485.3 17.2 16.8
5510.6 17.9 16.8
5536.0 18.6 16.8
5561.6 19.3 16.8
5587.3 20.0 16.8
5613.1 20.6 16.8
5639.0 21.3 16.8
5665.0 21.9 16.8
5691.1 22.5 16.8
5717.4 23.0 16.8
5743.8 23.5 16.8
5770.3 24.0 16.8
5797.0 24.5 16.8
5823.7 24.9 16.8
5850.6 25.3 16.8
5877.6 25.6 16.8
5904.7 25.9 16.8
5932.0 26.2 16.8
5959.4 26.4 16.8
5986.9 26.5 16.8
6014.5 26.6 16.8
6042.3 26.6 16.8
6070.2 26.6 16.8
6098.2 26.5 16.8
6126.3 26.4 16.7
6154.6 26.2 16.7
6183.0 25.9 16.7
6211.6 25.6 16.7
6240.2 25.2 16.7
6269.0 24.8 16.7
6298.0 24.3 16.7
6327.0 23.7 16.7
6356.2 23.1 16.7
6385.6 22.3 16.7
6415.0 21.6 16.7
6444.7 20.7 16.7
6474.4 19.8 16.7
