# Teff(K) EWLim(mA) eEWLi(mA)
3000.5 20.5 44.2
3014.4 16.1 42.7
3028.3 12.5 41.7
3042.3 9.6 41.0
3056.3 7.3 40.5
3070.4 5.5 40.2
3084.6 4.1 40.0
3098.8 3.0 39.9
3113.1 2.2 39.8
3127.5 1.6 39.8
3142.0 1.2 39.8
3156.5 0.9 39.7
3171.0 0.6 39.7
3185.7 0.4 39.7
3200.4 0.3 39.7
3215.1 0.2 39.7
3230.0 0.2 39.7
3244.9 0.1 39.7
3259.9 0.1 39.7
3274.9 0.1 39.7
3290.0 0.1 39.7
3305.2 0.0 39.7
3320.5 0.0 39.7
3335.8 0.0 39.7
3351.2 0.0 39.7
3366.7 0.0 39.7
3382.2 0.0 39.7
3397.8 0.0 39.7
3413.5 0.0 39.7
3429.3 0.1 39.7
3445.1 0.1 39.7
3461.0 0.1 39.7
3477.0 0.1 39.7
3493.0 0.2 39.7
3509.1 0.2 39.7
3525.3 0.3 39.7
3541.6 0.4 39.7
3558.0 0.5 39.7
3574.4 0.6 39.7
3590.9 0.8 39.7
3607.4 1.0 39.8
3624.1 1.3 39.8
3640.8 1.7 39.8
3657.6 2.2 39.8
3674.5 2.8 39.8
3691.5 3.5 39.9
3708.5 4.5 40.0
3725.6 5.6 40.1
3742.8 6.9 40.3
3760.1 8.5 40.5
3777.5 10.5 40.8
3794.9 12.7 41.2
3812.4 15.3 41.7
3830.0 18.2 42.3
3847.7 21.6 43.0
3865.4 25.4 43.9
3883.3 29.6 45.0
3901.2 34.2 46.1
3919.2 39.3 47.4
3937.3 44.7 48.8
3955.5 50.6 50.2
3973.7 56.8 51.7
3992.1 63.4 53.2
4010.5 70.2 54.7
4029.0 77.3 56.0
4047.6 84.6 57.3
4066.3 92.1 58.5
4085.1 99.6 59.6
4103.9 107.2 60.5
4122.9 114.8 61.2
4141.9 122.4 61.8
4161.0 129.9 62.3
4180.2 137.2 62.6
4199.5 144.4 62.7
4218.9 151.4 100.0
4238.4 158.2 99.7
4257.9 164.7 99.1
4277.6 171.0 98.4
4297.3 177.0 97.4
4317.2 182.8 96.2
4337.1 188.2 95.0
4357.1 193.4 93.5
4377.2 198.3 92.0
4397.4 202.8 90.4
4417.7 207.1 88.8
4438.1 211.1 87.1
4458.6 214.8 85.4
4479.2 218.2 83.7
4499.9 221.3 82.0
4520.6 224.2 80.3
4541.5 226.8 78.6
4562.5 229.2 77.0
4583.5 231.3 75.3
4604.7 233.2 73.8
4625.9 234.9 72.2
4647.3 236.3 70.7
4668.7 237.6 69.3
4690.3 238.6 67.8
4711.9 239.4 66.5
4733.7 240.1 65.2
4755.5 240.5 63.9
4777.5 240.8 62.7
4799.5 241.0 61.5
4821.7 240.9 60.4
4844.0 240.7 59.4
4866.3 240.4 58.3
4888.8 239.9 57.4
4911.3 239.3 56.4
4934.0 238.6 55.5
4956.8 237.7 54.7
4979.7 236.7 53.9
5002.6 235.6 53.1
5025.7 234.4 52.4
5048.9 233.1 51.7
5072.2 231.6 51.0
5095.7 230.1 50.4
5119.2 228.5 49.8
5142.8 226.7 49.2
5166.5 224.9 48.7
5190.4 223.0 48.2
5214.3 221.0 42.1
5238.4 218.9 42.0
5262.6 216.8 41.8
5286.9 214.6 41.7
5311.3 212.3 41.6
5335.8 209.9 41.4
5360.4 207.4 41.3
5385.2 204.9 41.2
5410.0 202.3 41.1
5435.0 199.7 41.1
5460.1 197.0 41.0
5485.3 194.2 40.9
5510.6 191.4 40.8
5536.0 188.5 40.7
5561.6 185.6 40.7
5587.3 182.6 40.6
5613.1 179.5 40.5
5639.0 176.4 40.5
5665.0 173.2 40.4
5691.1 170.0 40.4
5717.4 166.8 40.3
5743.8 163.5 40.3
5770.3 160.1 40.3
5797.0 156.7 40.2
5823.7 153.3 40.2
5850.6 149.8 40.1
5877.6 146.2 40.1
5904.7 142.7 40.1
5932.0 139.0 40.1
5959.4 135.4 40.0
5986.9 131.7 40.0
6014.5 127.9 40.0
6042.3 124.2 40.0
6070.2 120.3 39.9
6098.2 116.5 39.9
6126.3 112.6 39.9
6154.6 108.6 39.9
6183.0 104.7 39.9
6211.6 100.7 39.9
6240.2 96.6 39.8
6269.0 92.5 39.8
6298.0 88.4 39.8
6327.0 84.3 39.8
6356.2 80.1 39.8
6385.6 75.9 39.8
6415.0 71.6 39.8
6444.7 67.4 39.8
6474.4 63.0 39.8
