# Teff(K) EWLim(mA) eEWLi(mA)
3000.5 0.0 19.7
3014.4 0.0 19.7
3028.3 0.0 19.7
3042.3 0.0 19.7
3056.3 0.0 19.7
3070.4 0.0 19.7
3084.6 0.0 19.7
3098.8 0.0 19.7
3113.1 0.0 19.7
3127.5 0.0 19.7
3142.0 0.0 19.7
3156.5 0.0 19.7
3171.0 0.0 19.7
3185.7 0.0 19.7
3200.4 0.0 19.7
3215.1 0.0 19.7
3230.0 0.0 19.7
3244.9 0.0 19.7
3259.9 0.0 19.7
3274.9 0.0 19.7
3290.0 0.0 19.7
3305.2 0.0 19.7
3320.5 0.0 19.7
3335.8 0.0 19.7
3351.2 0.0 19.7
3366.7 0.0 19.7
3382.2 0.0 19.7
3397.8 0.0 19.7
3413.5 0.0 19.7
3429.3 0.0 19.7
3445.1 0.0 19.7
3461.0 0.0 19.7
3477.0 0.0 19.7
3493.0 0.0 19.7
3509.1 0.0 19.7
3525.3 0.0 19.7
3541.6 0.0 19.7
3558.0 0.0 19.7
3574.4 0.0 19.7
3590.9 0.0 19.7
3607.4 0.0 19.7
3624.1 0.0 19.7
3640.8 0.0 19.7
3657.6 0.0 19.7
3674.5 0.0 19.7
3691.5 0.0 19.7
3708.5 0.0 19.7
3725.6 0.0 19.7
3742.8 0.0 19.7
3760.1 0.0 19.7
3777.5 0.0 19.7
3794.9 0.0 19.7
3812.4 0.0 19.7
3830.0 0.0 19.7
3847.7 0.0 19.7
3865.4 0.0 19.7
3883.3 0.0 19.7
3901.2 0.0 19.7
3919.2 0.0 19.7
3937.3 0.0 19.7
3955.5 0.0 19.7
3973.7 0.0 19.7
3992.1 0.0 19.7
4010.5 0.0 19.7
4029.0 0.0 19.7
4047.6 0.0 19.7
4066.3 0.0 19.7
4085.1 0.0 19.7
4103.9 0.0 19.7
4122.9 0.0 19.7
4141.9 0.0 19.7
4161.0 0.0 19.7
4180.2 0.0 19.7
4199.5 0.0 19.7
4218.9 0.0 19.7
4238.4 0.0 19.7
4257.9 0.0 19.7
4277.6 0.1 19.7
4297.3 0.1 19.7
4317.2 0.1 19.7
4337.1 0.1 19.7
4357.1 0.2 19.7
4377.2 0.2 19.7
4397.4 0.2 19.7
4417.7 0.3 19.7
4438.1 0.4 19.7
4458.6 0.5 19.7
4479.2 0.6 19.7
4499.9 0.7 19.7
4520.6 0.8 19.7
4541.5 1.0 19.7
4562.5 1.1 19.7
4583.5 1.4 19.7
4604.7 1.6 19.7
4625.9 1.8 19.7
4647.3 2.1 19.7
4668.7 2.4 19.7
4690.3 2.8 19.7
4711.9 3.2 19.7
4733.7 3.6 19.7
4755.5 4.0 19.7
4777.5 4.5 19.7
4799.5 5.1 19.7
4821.7 5.6 19.7
4844.0 6.2 19.7
4866.3 6.9 19.7
4888.8 7.6 19.7
4911.3 8.3 19.7
4934.0 9.1 19.7
4956.8 9.9 19.8
4979.7 10.7 19.8
5002.6 11.6 19.8
5025.7 12.5 19.8
5048.9 13.4 19.8
5072.2 14.3 19.8
5095.7 15.3 19.8
5119.2 16.3 19.9
5142.8 17.3 19.9
5166.5 18.4 19.9
5190.4 19.4 19.9
5214.3 20.5 19.9
5238.4 21.6 19.9
5262.6 22.6 19.9
5286.9 23.7 20.0
5311.3 24.8 20.0
5335.8 25.8 20.0
5360.4 26.9 20.0
5385.2 27.9 20.0
5410.0 28.9 20.0
5435.0 29.9 20.0
5460.1 30.9 20.0
5485.3 31.8 20.0
5510.6 32.7 20.0
5536.0 33.5 20.0
5561.6 34.4 20.0
5587.3 35.1 20.0
5613.1 35.9 20.0
5639.0 36.6 20.0
5665.0 37.2 20.0
5691.1 37.8 20.0
5717.4 38.3 20.0
5743.8 38.8 20.0
5770.3 39.2 20.0
5797.0 39.6 20.0
5823.7 39.8 20.0
5850.6 40.1 20.0
5877.6 40.2 20.0
5904.7 40.3 20.0
5932.0 40.3 19.9
5959.4 40.3 19.9
5986.9 40.2 19.9
6014.5 40.0 19.9
6042.3 39.7 19.9
6070.2 39.3 19.9
6098.2 38.9 19.9
6126.3 38.4 19.9
6154.6 37.9 19.8
6183.0 37.2 19.8
6211.6 36.5 19.8
6240.2 35.7 19.8
6269.0 34.9 19.8
6298.0 33.9 19.8
6327.0 32.9 19.8
6356.2 31.8 19.8
6385.6 30.6 19.8
6415.0 29.4 19.7
6444.7 28.1 19.7
6474.4 26.7 19.7
