# Teff(K) EWLim(mA) eEWLi(mA)
3000.5 0.5 34.7
3014.4 0.4 34.7
3028.3 0.3 34.7
3042.3 0.2 34.7
3056.3 0.1 34.7
3070.4 0.1 34.7
3084.6 0.1 34.7
3098.8 0.0 34.7
3113.1 0.0 34.7
3127.5 0.0 34.7
3142.0 0.0 34.7
3156.5 0.0 34.7
3171.0 0.0 34.7
3185.7 0.0 34.7
3200.4 0.0 34.7
3215.1 0.0 34.7
3230.0 0.0 34.7
3244.9 0.0 34.7
3259.9 0.0 34.7
3274.9 0.0 34.7
3290.0 0.0 34.7
3305.2 0.0 34.7
3320.5 0.0 34.7
3335.8 0.0 34.7
3351.2 0.0 34.7
3366.7 0.0 34.7
3382.2 0.0 34.7
3397.8 0.0 34.7
3413.5 0.0 34.7
3429.3 0.0 34.7
3445.1 0.0 34.7
3461.0 0.0 34.7
3477.0 0.0 34.7
3493.0 0.0 34.7
3509.1 0.0 34.7
3525.3 0.0 34.7
3541.6 0.0 34.7
3558.0 0.0 34.7
3574.4 0.0 34.7
3590.9 0.0 34.7
3607.4 0.0 34.7
3624.1 0.0 34.7
3640.8 0.0 34.7
3657.6 0.0 34.7
3674.5 0.1 34.7
3691.5 0.1 34.7
3708.5 0.1 34.7
3725.6 0.1 34.7
3742.8 0.2 34.7
3760.1 0.3 34.7
3777.5 0.4 34.7
3794.9 0.5 34.7
3812.4 0.6 34.7
3830.0 0.8 34.7
3847.7 1.1 34.7
3865.4 1.4 34.7
3883.3 1.8 34.8
3901.2 2.3 34.8
3919.2 2.8 34.8
3937.3 3.5 34.8
3955.5 4.3 34.8
3973.7 5.3 34.9
3992.1 6.4 35.0
4010.5 7.7 35.0
4029.0 9.2 35.1
4047.6 10.8 35.3
4066.3 12.7 35.4
4085.1 14.8 35.6
4103.9 17.1 35.8
4122.9 19.6 36.1
4141.9 22.4 36.4
4161.0 25.4 36.7
4180.2 28.6 37.0
4199.5 32.0 37.4
4218.9 35.6 66.3
4238.4 39.5 69.6
4257.9 43.4 72.9
4277.6 47.6 76.2
4297.3 51.9 79.3
4317.2 56.3 82.3
4337.1 60.8 85.1
4357.1 65.4 87.7
4377.2 70.0 90.1
4397.4 74.7 92.2
4417.7 79.4 94.1
4438.1 84.1 95.7
4458.6 88.7 97.1
4479.2 93.3 98.2
4499.9 97.9 99.1
4520.6 102.3 99.8
4541.5 106.7 100.2
4562.5 110.9 100.3
4583.5 115.1 100.3
4604.7 119.1 100.1
4625.9 122.9 99.7
4647.3 126.7 99.1
4668.7 130.2 98.4
4690.3 133.6 97.5
4711.9 136.8 96.5
4733.7 139.9 95.4
4755.5 142.8 94.2
4777.5 145.5 92.9
4799.5 148.1 91.6
4821.7 150.4 90.2
4844.0 152.6 88.7
4866.3 154.7 87.2
4888.8 156.5 85.7
4911.3 158.2 84.2
4934.0 159.7 82.6
4956.8 161.1 81.1
4979.7 162.3 79.5
5002.6 163.3 77.9
5025.7 164.2 76.4
5048.9 164.9 74.9
5072.2 165.5 73.3
5095.7 166.0 71.8
5119.2 166.3 70.4
5142.8 166.4 68.9
5166.5 166.4 67.5
5190.4 166.3 66.1
5214.3 166.1 37.6
5238.4 165.7 37.5
5262.6 165.2 37.3
5286.9 164.6 37.2
5311.3 163.9 37.0
5335.8 163.1 36.9
5360.4 162.1 36.8
5385.2 161.1 36.6
5410.0 160.0 36.5
5435.0 158.7 36.4
5460.1 157.3 36.3
5485.3 155.9 36.2
5510.6 154.4 36.1
5536.0 152.7 36.0
5561.6 151.0 35.9
5587.3 149.2 35.9
5613.1 147.3 35.8
5639.0 145.4 35.7
5665.0 143.3 35.7
5691.1 141.2 35.6
5717.4 139.0 35.5
5743.8 136.7 35.5
5770.3 134.4 35.4
5797.0 131.9 35.4
5823.7 129.5 35.3
5850.6 126.9 35.3
5877.6 124.3 35.2
5904.7 121.6 35.2
5932.0 118.8 35.2
5959.4 116.0 35.1
5986.9 113.2 35.1
6014.5 110.2 35.1
6042.3 107.2 35.0
6070.2 104.2 35.0
6098.2 101.1 35.0
6126.3 97.9 35.0
6154.6 94.7 34.9
6183.0 91.5 34.9
6211.6 88.2 34.9
6240.2 84.8 34.9
6269.0 81.4 34.9
6298.0 77.9 34.8
6327.0 74.4 34.8
6356.2 70.8 34.8
6385.6 67.2 34.8
6415.0 63.6 34.8
6444.7 59.9 34.8
6474.4 56.2 34.8
