# Teff(K) EWLim(mA) eEWLi(mA)
3000.5 0.0 18.2
3014.4 0.0 18.2
3028.3 0.0 18.2
3042.3 0.0 18.2
3056.3 0.0 18.2
3070.4 0.0 18.2
3084.6 0.0 18.2
3098.8 0.0 18.2
3113.1 0.0 18.2
3127.5 0.0 18.2
3142.0 0.0 18.2
3156.5 0.0 18.2
3171.0 0.0 18.2
3185.7 0.0 18.2
3200.4 0.0 18.2
3215.1 0.0 18.2
3230.0 0.0 18.2
3244.9 0.0 18.2
3259.9 0.0 18.2
3274.9 0.0 18.2
3290.0 0.0 18.2
3305.2 0.0 18.2
3320.5 0.0 18.2
3335.8 0.0 18.2
3351.2 0.0 18.2
3366.7 0.0 18.2
3382.2 0.0 18.2
3397.8 0.0 18.2
3413.5 0.0 18.2
3429.3 -0.0 18.2
3445.1 0.0 18.2
3461.0 0.0 18.2
3477.0 0.0 18.2
3493.0 0.0 18.2
3509.1 0.0 18.2
3525.3 0.0 18.2
3541.6 0.0 18.2
3558.0 0.0 18.2
3574.4 0.0 18.2
3590.9 0.0 18.2
3607.4 0.0 18.2
3624.1 0.0 18.2
3640.8 0.0 18.2
3657.6 0.0 18.2
3674.5 0.0 18.2
3691.5 0.0 18.2
3708.5 0.0 18.2
3725.6 0.0 18.2
3742.8 0.0 18.2
3760.1 0.0 18.2
3777.5 0.0 18.2
3794.9 0.0 18.2
3812.4 0.0 18.2
3830.0 0.0 18.2
3847.7 0.0 18.2
3865.4 0.0 18.2
3883.3 0.0 18.2
3901.2 0.0 18.2
3919.2 0.0 18.2
3937.3 0.0 18.2
3955.5 0.0 18.2
3973.7 0.0 18.2
3992.1 0.0 18.2
4010.5 0.0 18.2
4029.0 0.0 18.2
4047.6 0.0 18.2
4066.3 0.0 18.2
4085.1 0.0 18.2
4103.9 0.0 18.2
4122.9 0.0 18.2
4141.9 0.0 18.2
4161.0 0.0 18.2
4180.2 0.0 18.2
4199.5 0.0 18.2
4218.9 0.0 18.2
4238.4 0.0 18.2
4257.9 0.0 18.2
4277.6 0.0 18.2
4297.3 0.0 18.2
4317.2 0.0 18.2
4337.1 0.1 18.2
4357.1 0.1 18.2
4377.2 0.1 18.2
4397.4 0.1 18.2
4417.7 0.1 18.2
4438.1 0.2 18.2
4458.6 0.2 18.2
4479.2 0.3 18.2
4499.9 0.3 18.2
4520.6 0.4 18.2
4541.5 0.5 18.2
4562.5 0.6 18.2
4583.5 0.7 18.2
4604.7 0.8 18.2
4625.9 1.0 18.2
4647.3 1.2 18.2
4668.7 1.4 18.3
4690.3 1.6 18.3
4711.9 1.8 18.3
4733.7 2.1 18.3
4755.5 2.4 18.3
4777.5 2.7 18.3
4799.5 3.0 18.3
4821.7 3.4 18.3
4844.0 3.8 18.3
4866.3 4.3 18.3
4888.8 4.8 18.3
4911.3 5.3 18.3
4934.0 5.8 18.3
4956.8 6.4 18.3
4979.7 7.0 18.3
5002.6 7.6 18.3
5025.7 8.3 18.3
5048.9 9.0 18.3
5072.2 9.7 18.3
5095.7 10.5 18.3
5119.2 11.3 18.3
5142.8 12.1 18.4
5166.5 12.9 18.4
5190.4 13.7 18.4
5214.3 14.6 18.4
5238.4 15.4 18.4
5262.6 16.3 18.4
5286.9 17.2 18.4
5311.3 18.1 18.4
5335.8 19.0 18.4
5360.4 19.9 18.4
5385.2 20.8 18.5
5410.0 21.7 18.5
5435.0 22.6 18.5
5460.1 23.4 18.5
5485.3 24.3 18.5
5510.6 25.1 18.5
5536.0 25.9 18.5
5561.6 26.7 18.5
5587.3 27.5 18.5
5613.1 28.2 18.5
5639.0 28.9 18.5
5665.0 29.5 18.5
5691.1 30.1 18.5
5717.4 30.7 18.5
5743.8 31.2 18.5
5770.3 31.7 18.5
5797.0 32.1 18.5
5823.7 32.5 18.5
5850.6 32.8 18.5
5877.6 33.1 18.5
5904.7 33.3 18.5
5932.0 33.4 18.5
5959.4 33.5 18.5
5986.9 33.5 18.5
6014.5 33.5 18.4
6042.3 33.4 18.4
6070.2 33.2 18.4
6098.2 33.0 18.4
6126.3 32.7 18.4
6154.6 32.3 18.4
6183.0 31.9 18.4
6211.6 31.3 18.4
6240.2 30.8 18.4
6269.0 30.1 18.4
6298.0 29.4 18.3
6327.0 28.6 18.3
6356.2 27.7 18.3
6385.6 26.7 18.3
6415.0 25.7 18.3
6444.7 24.6 18.3
6474.4 23.5 18.3
