# Teff(K) EWLim(mA) eEWLi(mA)
3000.5 0.0 30.4
3014.4 0.0 30.4
3028.3 0.0 30.4
3042.3 0.0 30.4
3056.3 0.0 30.4
3070.4 0.0 30.4
3084.6 0.0 30.4
3098.8 0.0 30.4
3113.1 0.0 30.4
3127.5 0.0 30.4
3142.0 0.0 30.4
3156.5 0.0 30.4
3171.0 0.0 30.4
3185.7 0.0 30.4
3200.4 0.0 30.4
3215.1 0.0 30.4
3230.0 0.0 30.4
3244.9 0.0 30.4
3259.9 0.0 30.4
3274.9 0.0 30.4
3290.0 0.0 30.4
3305.2 0.0 30.4
3320.5 0.0 30.4
3335.8 0.0 30.4
3351.2 0.0 30.4
3366.7 0.0 30.4
3382.2 0.0 30.4
3397.8 0.0 30.4
3413.5 0.0 30.4
3429.3 0.0 30.4
3445.1 0.0 30.4
3461.0 0.0 30.4
3477.0 0.0 30.4
3493.0 0.0 30.4
3509.1 0.0 30.4
3525.3 0.0 30.4
3541.6 0.0 30.4
3558.0 0.0 30.4
3574.4 0.0 30.4
3590.9 0.0 30.4
3607.4 0.0 30.4
3624.1 0.0 30.4
3640.8 0.0 30.4
3657.6 0.0 30.4
3674.5 0.0 30.4
3691.5 0.0 30.4
3708.5 0.0 30.4
3725.6 0.0 30.4
3742.8 0.0 30.4
3760.1 0.0 30.4
3777.5 0.0 30.4
3794.9 0.0 30.4
3812.4 0.0 30.4
3830.0 0.0 30.4
3847.7 0.1 30.4
3865.4 0.1 30.4
3883.3 0.1 30.4
3901.2 0.1 30.4
3919.2 0.2 30.4
3937.3 0.3 30.4
3955.5 0.3 30.4
3973.7 0.4 30.4
3992.1 0.6 30.4
4010.5 0.8 30.4
4029.0 1.0 30.4
4047.6 1.2 30.4
4066.3 1.5 30.4
4085.1 1.9 30.4
4103.9 2.3 30.4
4122.9 2.8 30.4
4141.9 3.4 30.4
4161.0 4.1 30.5
4180.2 4.9 30.5
4199.5 5.8 30.5
4218.9 6.8 30.9
4238.4 7.9 31.1
4257.9 9.1 31.2
4277.6 10.5 31.5
4297.3 12.0 31.7
4317.2 13.7 32.0
4337.1 15.5 32.3
4357.1 17.4 32.6
4377.2 19.4 33.0
4397.4 21.6 33.4
4417.7 23.9 33.9
4438.1 26.3 34.3
4458.6 28.9 34.8
4479.2 31.5 35.3
4499.9 34.3 35.8
4520.6 37.1 36.4
4541.5 40.0 36.9
4562.5 43.0 37.4
4583.5 46.1 37.8
4604.7 49.1 38.3
4625.9 52.3 38.7
4647.3 55.4 39.2
4668.7 58.5 39.5
4690.3 61.7 39.9
4711.9 64.8 40.2
4733.7 67.9 40.4
4755.5 71.0 40.7
4777.5 74.0 40.9
4799.5 77.0 41.0
4821.7 79.9 41.1
4844.0 82.7 41.2
4866.3 85.5 41.2
4888.8 88.1 41.2
4911.3 90.7 41.2
4934.0 93.2 41.1
4956.8 95.5 41.0
4979.7 97.8 40.9
5002.6 99.9 40.7
5025.7 102.0 40.5
5048.9 103.9 40.3
5072.2 105.7 40.1
5095.7 107.4 39.9
5119.2 108.9 39.7
5142.8 110.4 39.4
5166.5 111.7 39.1
5190.4 112.8 38.9
5214.3 113.9 32.9
5238.4 114.8 32.8
5262.6 115.6 32.7
5286.9 116.3 32.6
5311.3 116.9 32.5
5335.8 117.3 32.4
5360.4 117.7 32.3
5385.2 117.9 32.2
5410.0 117.9 32.1
5435.0 117.9 32.1
5460.1 117.8 32.0
5485.3 117.5 31.9
5510.6 117.2 31.8
5536.0 116.7 31.7
5561.6 116.1 31.7
5587.3 115.4 31.6
5613.1 114.6 31.5
5639.0 113.8 31.4
5665.0 112.8 31.4
5691.1 111.7 31.3
5717.4 110.5 31.3
5743.8 109.3 31.2
5770.3 107.9 31.1
5797.0 106.4 31.1
5823.7 104.9 31.0
5850.6 103.3 31.0
5877.6 101.6 31.0
5904.7 99.8 30.9
5932.0 97.9 30.9
5959.4 96.0 30.8
5986.9 94.0 30.8
6014.5 91.9 30.8
6042.3 89.7 30.7
6070.2 87.4 30.7
6098.2 85.1 30.7
6126.3 82.7 30.6
6154.6 80.2 30.6
6183.0 77.7 30.6
6211.6 75.1 30.6
6240.2 72.5 30.6
6269.0 69.7 30.5
6298.0 66.9 30.5
6327.0 64.1 30.5
6356.2 61.2 30.5
6385.6 58.2 30.5
6415.0 55.2 30.5
6444.7 52.1 30.5
6474.4 49.0 30.4
